COLUMN VALUE SAMPLE REPORT
--------------------------
Generated at: 20260517_113516
Input dataset: 01_data_retrieval/02_actors/data/old_zip/actor_data.zip
Column requested: actor_start
Years filter: not set
Restricted to file: no
Total unique non-empty values found: 1206
Sampled values count: 500

-100
-106
-116
-140
-15
-190
-234
-25
-262
-284
-295
-300
-315
-330
-340
-347
-354
-361
-369
-380
-388
-390
-406
-427
-430
-445
-469
-484
-496
-505
-525
-551
-580
-60
-63
-64
-65
-70
-73
-85
-87
-90
100
1003
1010
1015
1021
1030
1037
1043
1050
1056
1060
1063
1070
1073
1076
1080
1084
1089
1092
1095
1098
1100
1104
1107
1110
1113
1116
1119
1123
1129
1131
1135
1138
1143
1148
1154
1157
1163
1166
117
1171
1175
1177
1180
1183
1190
1195
1198
1201
1205
121
1212
1214
1217
1220
1222
1225
1228
1230
1233
1236
1239
1241
1245
1247
1250
1253
1256
1259
1261
1264
1266
1270
1275
1278
1281
1285
1288
1290
1292
1295
1298
1303
1305
1309
1312
1314
1317
1319
1322
1325
1327
133
1331
1334
1337
1339
1343
1346
1349
1353
1355
1358
1362
1365
1368
1370
1373
1375
1378
1380
1384
1386
1388
1391
1393
1396
1398
1400
1403
1405
1408
1410
1412
1415
1417
1420
1422
1425
1427
1429
1432
1434
1437
1439
1441
1444
1446
1449
1451
1453
1456
1458
1461
1463
1466
1468
1470
1473
1475
1478
1480
1482
1485
1487
1490
1492
1494
1497
1499
1501
1503
1506
1508
1510
1513
1515
1518
1520
1522
1525
1527
1530
1532
1534
1537
1539
1542
1544
1547
1549
1550
1553
1555
1558
1560
1562
1565
1567
1570
1572
1574
1577
1579
1582
1584
1587
1589
1591
1594
1596
1599
1600
1602
1605
1607
161
1611
1614
1616
1618
1621
1623
1626
1628
1630
1633
1635
1638
1640
1642
1645
1647
165
1651
1654
1656
1658
1661
1663
1666
1668
1670
1673
1675
1678
1680
1682
1685
1687
1690
1692
1695
1697
1699
1701
1703
1706
1708
1710
1713
1715
1718
1720
1722
1725
1727
1730
1732
1735
1737
1739
1742
1744
1747
1749
1750
1753
1755
1758
1760
1762
1765
1767
1770
1772
1775
1777
1779
1782
1784
1787
1789
1791
1794
1796
1799
1801
1803
1806
1808
1811
1813
1816
1818
1820
1823
1825
1828
1830
1832
1835
1837
1840
1842
1844
1847
1849
1851
1853
1856
1858
1860
1863
1867
1871
1873
1875
1878
1880
1884
1886
1888
1893
1896
1902
1904
1910
1912
1914
1919
1922
1925
1927
1929
1934
1940
1944
1946
1949
1958
1968
1984
1986
20
205
23
233
239
25
251
265
276
295
301
306
311
315
32
326
330
337
34
343
346
348
355
360
363
374
376
381
388
390
396
40
410
419
431
437
440
45
451
459
465
470
482
489
497
50
501
508
519
53
536
540
543
550
556
560
579
580
585
590
60
604
609
612
625
634
64
643
654
662
673
69
700
708
720
732
739
742
758
76
761
777
779
790
801
806
810
813
820
827
833
839
841
850
86
870
879
882
888
894
910
915
930
935
938
949
950
961
965
970
975
980
993
998
