COLUMN VALUE SAMPLE REPORT
--------------------------
Generated at: 20260517_113516
Input dataset: 01_data_retrieval/02_actors/data/old_zip/actor_data.zip
Column requested: actor_end
Years filter: not set
Restricted to file: no
Total unique non-empty values found: 1303
Sampled values count: 500

-1
-102
-15
-169
-184
-192
-212
-232
-25
-263
-283
-286
-292
-310
-322
-336
-348
-353
-360
-380
-395
-4
-411
-420
-436
-450
-459
-479
-52
-557
-57
-585
-600
-8
100
1004
101
1017
1022
1025
103
1031
1034
1039
1040
1049
1052
1058
1066
1072
1076
1079
1087
1092
1097
1103
1106
1111
1114
1116
1120
1122
1125
1129
1132
1136
1138
1141
1146
1150
1154
1158
1161
1165
1167
1170
1173
1179
1182
1184
1187
1191
1193
1197
120
1202
1205
1209
1213
1215
1220
1224
1226
1229
1231
1235
1238
1241
1246
1248
1251
1254
1257
126
1263
1265
1268
1271
1274
1277
1280
1284
1286
1290
1293
1295
1298
13
1302
1305
1307
1310
1312
1315
1318
1320
1323
1325
1328
1331
1333
1336
1340
1343
1346
1348
1351
1354
1356
1359
1361
1364
1368
1370
1373
1375
138
1382
1384
1388
1390
1394
1397
1399
1401
1403
1406
1409
1411
1415
1417
1420
1423
1425
1428
1430
1433
1436
1438
1440
1444
1446
1449
1451
1454
1457
1459
1462
1464
1467
147
1471
1474
1476
1479
1482
1484
1487
1489
1492
1495
1497
150
1501
1504
1507
1509
1512
1514
1517
1520
1522
1525
1528
1530
1533
1535
1538
1541
1543
1546
1548
1550
1553
1555
1558
1560
1563
1566
1568
1571
1573
1576
1579
1581
1584
1586
1589
1592
1594
1597
1599
1601
1604
1606
1609
1611
1613
1616
1618
1621
1624
1626
1629
1631
1634
1637
1639
1642
1644
1647
165
1651
1654
1656
1659
1662
1664
1667
1669
1672
1675
1677
1680
1682
1685
1688
169
1692
1695
1697
17
1700
1703
1706
1708
1711
1713
1716
1719
1721
1724
1726
1729
1731
1733
1736
1738
1741
1744
1746
1749
1750
1753
1756
1758
1761
1763
1766
1769
1770
1773
1776
1778
1781
1783
1786
1789
1791
1794
1796
1799
1801
1803
1806
1808
1811
1814
1816
1819
1821
1824
1827
1829
1832
1834
1837
1840
1842
1845
1847
1850
1853
1855
1858
1861
1863
1866
1868
1871
1874
1876
1879
1881
1884
1887
1889
1892
1894
1897
19
1900
1903
1905
1908
1911
1914
1917
1919
1921
1924
1927
1930
1932
1935
1938
1940
1943
1946
1948
1954
1956
1959
1962
1964
1967
1969
1972
1975
1977
1983
1986
1992
1995
1998
2000
2002
2005
2008
2010
2015
2017
2020
222
228
250
254
270
300
306
324
334
340
360
363
370
379
382
386
39
393
397
400
405
409
413
420
430
438
440
446
451
455
462
468
473
480
485
488
491
499
517
519
525
532
534
54
545
549
553
558
566
569
572
580
582
601
604
619
634
637
643
647
65
652
66
662
666
678
685
690
709
712
733
741
752
762
774
787
799
804
812
816
821
826
828
834
846
850
856
858
862
869
873
877
879
886
899
903
912
92
930
940
944
955
96
966
973
984
990
