COLUMN VALUE SAMPLE REPORT
--------------------------
Generated at: 20260517_113246
Input dataset: 01_data_retrieval/01_editions/data/old_zip/bnf_edition_data_raw.zip
Column requested: bnf_id
Years filter: not set
Restricted to file: no
Total unique non-empty values found: 814206
Sampled values count: 500

30000001
30005855
30011267
30019510
30024084
30029035
30035409
30041968
30049258
30057418
30064115
30073311
30081279
30089098
30098545
30106288
30116760
30122676
30131213
30139344
30148855
30158476
30168152
30175424
30182011
30189054
30194845
30202493
30208871
30215766
30226710
30238249
30243908
30251092
30258765
30265591
30273407
30283266
30289754
30297916
30310559
30328272
30338968
30347925
30357342
30367231
30376944
30386929
30397258
30403370
30410268
30419183
30428014
30436755
30447376
30457615
30466834
30475408
30484927
30495800
30504283
30514714
30523137
30533567
30542226
30551181
30563176
30574275
30585561
30594983
30604352
30613818
30620662
30632967
30643995
30655067
30667029
30678150
30693927
30707664
30716988
30728704
30737094
30746797
30759618
30771313
30784130
30792902
30804583
30818494
30826406
30836988
30844621
30854089
30865090
30874122
30884253
30892948
30905416
30916268
30925620
30934719
30948715
30958923
30970532
30980852
30995486
31006460
31016508
31027527
31038877
31046602
31054281
31064006
31075694
31086591
31097505
31107214
31117567
31125260
31134943
31146496
31158697
31167096
31177649
31190061
31206449
31218169
31231823
31245260
31258098
31272626
31282821
31293078
31303072
31312213
31329185
31342469
31352648
31362399
31376328
31389160
31401344
31415758
31426973
31436537
31449527
31462123
31474537
31486359
31504460
31518742
31530445
31537532
31545382
31558258
31572459
31589060
31599852
31605046
31613911
31632690
31651067
31668883
31682322
31713172
31803748
31903486
31987186
32090598
32183118
32311814
32419570
32519157
32631523
33254502
33310204
33349675
33398883
33447334
33496102
33550783
33597385
33638142
33655660
33660831
33666459
33670199
33675997
33681007
33682757
33684472
33686199
33687896
33689585
33691255
33692911
33694569
33696230
33697885
33699552
33701273
33702947
33704656
33706603
33708411
33710107
33711791
33713474
33715256
33717030
33718716
33720412
33722107
33723816
33725509
33727183
33728856
33730602
33732470
33734314
33735969
33737732
33739387
33741052
33742701
33744380
33746152
33747937
33749621
33751565
33753738
33755672
33757692
33759656
33764190
33766322
33769801
33781959
33791021
33802487
33808913
33811601
33813328
33815133
33816815
33818480
33820164
33821821
33823486
33825134
33826767
33828409
33830045
33831678
33833310
33834967
33836614
33838262
33839914
33841555
33843199
33844854
33846503
33848136
33849910
33862316
33986973
33990687
33994242
33997637
34000992
34004182
34024680
34057729
34782962
35523599
35946793
35993544
36044441
36117167
36122835
36280951
36288504
36295875
36302771
36310019
36343789
36351280
36354150
36356111
36357899
36359919
36384205
36405326
36424259
36438247
36446558
36498639
36538297
36663837
36720086
36723201
36726410
36729650
36732813
36735978
36739014
36742169
36745575
36749408
36752602
36755445
36758518
36761584
36764632
36767995
36812124
36818679
36824335
36856471
36874385
36888058
36896698
36912079
36927140
36936640
37304741
38495185
38652518
38654875
38657943
38693162
38705863
38755817
38767873
39181577
39305518
39308254
39311384
39315481
39318411
39324976
39330697
39335431
39338716
39344893
39359975
39364254
39369928
39375861
39603528
39608221
39766619
39782049
39784217
39786415
39788572
39790844
39792932
39951806
40248287
40250187
40251947
40254388
40256276
40258849
40262704
40271324
40280125
40299089
40347010
40484025
40559624
40582028
40585180
40596584
40601902
40607669
40615310
40619765
40623708
40628929
40634648
40640236
40645167
40651645
40657939
40664459
40671338
40678942
40684387
40692636
40699251
40709707
40716747
40725574
40735464
40741892
40748150
40753507
40757602
40761983
40769918
40778552
40917764
41165125
41432192
41607837
41652497
41873579
41875217
41876869
41878506
41880138
41881777
41941923
42108800
42242196
42379849
42592216
42793209
42964315
43145190
43360249
43630965
43863267
43984604
43986254
44001937
44220877
44431000
44527925
44530147
44532884
44535557
44538936
44540983
44542863
44545426
44548216
44551972
44553941
44556141
44558257
44560452
44563038
44564788
44567041
44569260
44571310
44573626
44575612
44577351
44579257
44582060
44584638
44586731
44796621
44798250
44810957
44812585
44814214
44817076
44820041
44900885
44927459
44948207
44984032
44986982
44990310
44993947
45015948
45148006
45402806
45593906
45741950
45872384
45931064
45936058
46015459
46021553
46039939
46053141
46057123
46059646
46062776
46065784
46068788
46073724
46079058
46081037
46084388
46088493
46672679
46943138
47091382
47272985
47420344
47565310
