version https://git-lfs.github.com/spec/v1
oid sha256:e25689cf377a63ec9d8da1be07a379693d8c7dc93e6e36e57d0dad2a22242edb
size 2903
